0.000000
0.038130
0.086404
0.097273
0.108594
0.114478
0.177874
0.189648
0.195082
0.253949
0.339982
0.651945
0.836269
1.042953
1.079691
1.295267
1.463183
1.534133
1.652990
1.694793
1.739052
1.759421
1.847803
1.953626
1.984048
2.013120
2.020601
2.065417
2.118364
2.362848


0.000000
24.299000
38.579333
39.384333
40.206333
40.623333
45.508000
46.457333
46.939667
52.043333
60.131333
96.622667
134.443333
227.843333
257.990000
742.720000
2161.800000
3342.000000
6225.766667
7740.366667
9723.700000
10786.333333
16846.666667
32727.000000
42426.666667
55004.333333
59153.333333
87787.333333
127613.333333
321770.000000
