   1.8348612e+03
   1.8310389e+03
   1.8199919e+03
   1.8128400e+03
   1.8084672e+03
   1.7970699e+03
   1.7850992e+03
   1.7765334e+03
   1.7710781e+03
   1.7682362e+03
   1.7682362e+03
   1.7682362e+03
   1.7682362e+03
   1.7682362e+03
   1.7682362e+03
   1.7682194e+03
   1.7682194e+03
   1.7682194e+03
   1.7682194e+03
   1.7682194e+03
   1.7670144e+03
   1.7670144e+03
   1.7670144e+03
   1.7670144e+03
   1.7670144e+03
   1.7670144e+03
   1.7670144e+03
   1.7670144e+03
   1.7670144e+03
   1.7670144e+03
   1.7670144e+03
   1.7670144e+03
   1.7670144e+03
   1.7670144e+03
   1.7669323e+03
   1.7667980e+03
   1.7667126e+03
   1.7667010e+03
   1.7659166e+03
   1.7647859e+03
   1.7642623e+03
   1.7642623e+03
   1.7642623e+03
   1.7642623e+03
   1.7640975e+03
   1.7640975e+03
   1.7640975e+03
   1.7640975e+03
   1.7639664e+03
   1.7639664e+03
