   1.8190471e+03
   1.8125261e+03
   1.8000386e+03
   1.7974387e+03
   1.7974387e+03
   1.7924434e+03
   1.7921909e+03
   1.7769348e+03
   1.7647987e+03
   1.7647987e+03
   1.7647987e+03
   1.7647987e+03
   1.7647987e+03
   1.7647987e+03
   1.7628293e+03
   1.7628293e+03
   1.7628293e+03
   1.7628293e+03
   1.7612139e+03
   1.7612139e+03
   1.7610264e+03
   1.7610264e+03
   1.7610264e+03
   1.7609459e+03
   1.7609459e+03
   1.7608612e+03
   1.7608612e+03
   1.7608582e+03
   1.7608374e+03
   1.7608374e+03
   1.7608374e+03
   1.7608374e+03
   1.7608374e+03
   1.7608374e+03
   1.7608374e+03
   1.7608374e+03
   1.7608374e+03
   1.7608374e+03
   1.7608374e+03
   1.7608374e+03
   1.7608374e+03
   1.7608374e+03
   1.7608374e+03
   1.7608374e+03
   1.7608374e+03
   1.7608374e+03
   1.7608374e+03
   1.7608374e+03
   1.7608374e+03
   1.7608374e+03
